DATE: 2023-03-29 22:41:34.722955 | IP: 127.0.0.1
DATE: 2023-03-29 22:42:34.605929 | IP: 127.0.0.1
